lastAccountName: N1XER__
timestamps:
  login: 1691680814901
  lastteleport: 1691680551576
  logout: 1691680857579
ipAddress: 95.91.216.51
lastlocation:
  world: world
  x: 121.5
  y: 43.0
  z: 160.5
  yaw: 90.342186
  pitch: 2.100015
money: '0'
logoutlocation:
  world: world
  x: 125.04654707696608
  y: 43.464739456939334
  z: 160.37892050473442
  yaw: -87.257095
  pitch: 17.700117
