lastAccountName: Encrise
timestamps:
  login: 1690981562585
  logout: 1690981673090
ipAddress: 88.241.77.202
lastlocation:
  world: world
  x: 48.0
  y: 72.0
  z: -128.0
  yaw: 0.0
  pitch: 0.0
logoutlocation:
  world: world
  x: 121.5
  y: 43.0
  z: 160.5
  yaw: 90.49219
  pitch: 0.9000148
