world: venus
x: -174.73665335576578
y: 66.0
z: -95.05819617011882
yaw: -1.3058777
pitch: 11.549916
name: baza-droids
lastowner: 33df4bd2-977c-3f5b-bc4c-1c152339deb4
