world: venus
x: 530.4318083415611
y: 67.0
z: -47.47232568954917
yaw: 56.118958
pitch: -2.3998253
name: mestorojdenie-crystals
lastowner: 33df4bd2-977c-3f5b-bc4c-1c152339deb4
