world: venus
x: 152.8331176665863
y: 71.0
z: 420.14111859929574
yaw: 178.6148
pitch: 2.6997223
name: minibaza-droids
lastowner: 33df4bd2-977c-3f5b-bc4c-1c152339deb4
