world: venus
x: -349.25453247586347
y: 68.0
z: 305.14592855319034
yaw: -153.23035
pitch: 6.3892527
name: observatoria
lastowner: 33df4bd2-977c-3f5b-bc4c-1c152339deb4
