world: world
x: 62.84194526485384
y: 92.0
z: -118.19616793024105
yaw: 90.41519
pitch: 13.463364
name: pvp
lastowner: 4a24e6bd-ea3a-3318-8f49-61b87de854d0
