world: venus
x: -527.14257143228
y: 79.0
z: -316.4187180749701
yaw: -62.711243
pitch: 27.899578
name: ruini2
lastowner: 33df4bd2-977c-3f5b-bc4c-1c152339deb4
