world: venus
x: -494.32981936564477
y: 66.0
z: -3.286144967800187
yaw: -1.6860962
pitch: 32.55006
name: ruini6
lastowner: 33df4bd2-977c-3f5b-bc4c-1c152339deb4
