world: venus
x: 47.602288898075976
y: 61.0
z: 83.04284229589878
yaw: 26.725998
pitch: 25.349491
name: ruini4
lastowner: 33df4bd2-977c-3f5b-bc4c-1c152339deb4
