world: venus
x: -88.86841754529264
y: 64.0
z: 309.7177971106725
yaw: -38.260254
pitch: 9.149534
name: ruini3
lastowner: 33df4bd2-977c-3f5b-bc4c-1c152339deb4
