world: venus
x: 49.16738281394937
y: 62.0
z: -151.16483813161787
yaw: 21.461182
pitch: 16.499992
name: ruini1
lastowner: 33df4bd2-977c-3f5b-bc4c-1c152339deb4
