world: venus
x: 399.17327704488696
y: 60.0
z: 305.09492714611065
yaw: 176.6646
pitch: 23.399742
name: ruini5
lastowner: 33df4bd2-977c-3f5b-bc4c-1c152339deb4
