world: venus
x: -367.6325891568819
y: 78.0
z: -248.34920703360734
yaw: -177.55249
pitch: 8.849935
name: slomaniy_korabl
lastowner: 33df4bd2-977c-3f5b-bc4c-1c152339deb4
