world: world
x: 153.13871004380488
y: 43.0
z: 160.65979366690325
yaw: 90.19122
pitch: -0.5999852
name: spawn
lastowner: 4a24e6bd-ea3a-3318-8f49-61b87de854d0
