world: venus
x: 243.00234097528156
y: 61.0
z: 71.60763031052439
yaw: 159.91223
pitch: -1.0500246
name: venus2
lastowner: 4a24e6bd-ea3a-3318-8f49-61b87de854d0
