world: venus
x: -314.7985126948026
y: 64.0
z: -517.0212635863197
yaw: -136.96252
pitch: 4.7999315
name: venus1
lastowner: 4a24e6bd-ea3a-3318-8f49-61b87de854d0
