world: venus
x: -237.59912763464752
y: 65.0
z: 456.29953000910746
yaw: 19.942377
pitch: 6.4497075
name: venus3
lastowner: 4a24e6bd-ea3a-3318-8f49-61b87de854d0
