spawns: 
  default: 
    world: world
    x: 121.50106742997336
    y: 43.0
    z: 160.53626558612692
    yaw: 90.49219
    pitch: 0.9000148
